# Created by Octave 3.2.2, Fri Aug 13 11:33:32 2010 CEST <morgan@Valkyrie>
# name: dfa
# type: struct
# length: 8
# name: FiniteSetOfStates
# type: cell
# rows: 1
# columns: 1
# name: <cell-element>
# type: matrix
# rows: 1
# columns: 146
 1 2 3 4 5 6 7 8 9 10 11 12 13 14 15 16 17 18 19 20 21 22 23 24 25 26 27 28 29 30 31 32 33 34 35 36 37 38 39 40 41 42 43 44 45 46 47 48 49 50 51 52 53 54 55 56 57 58 59 60 61 62 63 64 65 66 67 68 69 70 71 72 73 74 75 76 77 78 79 80 81 82 83 84 85 86 87 88 89 90 91 92 93 94 95 96 97 98 99 100 101 102 103 104 105 106 107 108 109 110 111 112 113 114 115 116 117 118 119 120 121 122 123 124 125 126 127 128 129 130 131 132 133 134 135 136 137 138 139 140 141 142 143 144 145 146

# name: Alphabets
# type: cell
# rows: 1
# columns: 1
# name: <cell-element>
# type: cell
# rows: 1
# columns: 2
# name: <cell-element>
# type: sq_string
# elements: 1
# length: 1
0

# name: <cell-element>
# type: sq_string
# elements: 1
# length: 1
1


# name: TransitionMatrix
# type: cell
# rows: 1
# columns: 1
# name: <cell-element>
# type: matrix
# rows: 146
# columns: 2
 2 3
 4 5
 6 7
 8 9
 10 11
 12 13
 14 15
 16 17
 18 19
 20 21
 22 23
 24 25
 26 27
 28 29
 30 31
 32 33
 34 35
 36 37
 38 39
 40 41
 42 43
 44 45
 46 47
 48 49
 50 51
 52 53
 54 55
 56 57
 58 59
 60 61
 62 63
 64 65
 66 67
 68 69
 70 71
 72 73
 0 74
 75 76
 0 77
 78 79
 80 0
 81 82
 0 83
 84 85
 0 86
 87 88
 0 89
 0 90
 91 0
 0 92
 0 0
 93 94
 95 96
 0 97
 98 0
 99 100
 0 0
 0 101
 102 103
 0 104
 0 105
 106 107
 108 109
 110 0
 0 0
 0 0
 0 111
 0 112
 113 0
 0 0
 0 114
 115 116
 117 0
 0 118
 0 0
 0 0
 0 119
 0 120
 0 121
 0 0
 0 122
 123 0
 124 0
 0 125
 126 0
 127 0
 0 128
 129 0
 0 0
 0 0
 0 130
 131 0
 0 132
 133 0
 0 0
 0 134
 0 0
 0 135
 0 136
 0 0
 137 0
 138 0
 139 0
 140 0
 141 0
 0 142
 143 0
 144 145
 146 0
 0 0
 0 0
 0 0
 0 0
 0 0
 0 0
 0 0
 0 0
 0 0
 0 0
 0 0
 0 0
 0 0
 0 0
 0 0
 0 0
 0 0
 0 0
 0 0
 0 0
 0 0
 0 0
 0 0
 0 0
 0 0
 0 0
 0 0
 0 0
 0 0
 0 0
 0 0
 0 0
 0 0
 0 0
 0 0
 0 0
 0 0

# name: InitialState
# type: cell
# rows: 1
# columns: 1
# name: <cell-element>
# type: scalar
1

# name: FinalAcceptStates
# type: cell
# rows: 1
# columns: 1
# name: <cell-element>
# type: matrix
# rows: 1
# columns: 79
 2 3 5 7 13 14 16 17 18 21 23 24 25 26 29 37 39 41 51 53 55 57 61 65 66 69 70 73 75 76 80 85 89 90 92 94 95 97 98 100 101 107 110 111 112 113 114 115 116 117 118 119 120 121 122 123 124 125 126 127 128 129 130 131 132 133 134 135 136 137 138 139 140 141 142 143 144 145 146

# name: FinalRejectStates
# type: cell
# rows: 1
# columns: 1
# name: <cell-element>
# type: matrix
# rows: 0
# columns: 0

# name: RED
# type: cell
# rows: 1
# columns: 1
# name: <cell-element>
# type: matrix
# rows: 0
# columns: 0

# name: BLUE
# type: cell
# rows: 1
# columns: 1
# name: <cell-element>
# type: matrix
# rows: 0
# columns: 0

